lastAccountName: Tnhem
timestamps:
  login: 1602707904245
  logout: 1602710563301
  kits:
    baslangic: 1602708011225
ipAddress: 85.104.194.17
lastlocation:
  world: world
  x: -9.5
  y: 67.0
  z: -7.5
  yaw: 0.7245932
  pitch: 0.0
logoutlocation:
  world: world
  x: -61.38511423795415
  y: 71.25220334025373
  z: -59.275216269211924
  yaw: 130.64346
  pitch: 4.199658
