lastAccountName: TheDoopTR
timestamps:
  login: 1599982943642
  logout: 1599982954182
  kits:
    baslangic: 1599767817698
    dtools: 1599766601952
    vip: 1599767547823
    tools: 1599766595812
ipAddress: 127.0.0.1
lastlocation:
  world: world
  x: 9.5
  y: 71.0
  z: -207.5
  yaw: 4.240124
  pitch: 0.0
logoutlocation:
  world: world
  x: 16.19846917261119
  y: 72.0
  z: -208.42930986899944
  yaw: 91.19994
  pitch: 13.800039
