lastAccountName: TheDoopTR
timestamps:
  login: 1600025167599
  logout: 1600025628649
  kits:
    baslangic: 1600025594255
    dtools: 1599766601952
    vip: 1599991619336
    tools: 1599766595812
ipAddress: 127.0.0.1
lastlocation:
  world: world
  x: 14.104107653712209
  y: 72.0
  z: -207.28180576583944
  yaw: -256.65015
  pitch: 27.899918
logoutlocation:
  world: world
  x: 67.37182633503183
  y: 104.0
  z: -286.2742176468018
  yaw: -177.29935
  pitch: 29.250038
