lastAccountName: TheDoopTR
timestamps:
  login: 1596062011688
  logout: 1596062054614
  kits:
    dtools: 1596062025721
ipAddress: 127.0.0.1
logoutlocation:
  world: world
  x: 157.63443568547385
  y: 73.0
  z: 37.288162442161415
  yaw: -30.628479
  pitch: 31.349901
godmode: true
nickname: FDoop
lastlocation:
  world: world
  x: 157.21571640554708
  y: 63.0
  z: 32.90184935239359
  yaw: -307.5279
  pitch: 7.949798
