lastAccountName: TheDoopTR
timestamps:
  login: 1599767340724
  logout: 1599768144125
  kits:
    baslangic: 1599767817698
    dtools: 1599766601952
    vip: 1599767547823
    tools: 1599766595812
ipAddress: 127.0.0.1
lastlocation:
  world: world
  x: -229.5
  y: 4.0
  z: 198.5
  yaw: 2.3776605
  pitch: 0.0
logoutlocation:
  world: world
  x: -224.0
  y: 4.0
  z: 208.0
  yaw: 81.75001
  pitch: 9.750008
