lastAccountName: TheDoopTR
timestamps:
  login: 1602192905888
  logout: 1602192974646
ipAddress: 95.70.185.10
lastlocation:
  world: world
  x: 7.5
  y: 87.0
  z: 6.5
  yaw: 2.6786952
  pitch: 0.0
logoutlocation:
  world: world
  x: 7.406585032114499E-4
  y: 86.0
  z: 11.913424926907743
  yaw: 92.100266
  pitch: 63.59997
