lastAccountName: TheDoopTR
timestamps:
  login: 1599988924958
  logout: 1599988985147
  kits:
    baslangic: 1599767817698
    dtools: 1599766601952
    vip: 1599767547823
    tools: 1599766595812
ipAddress: 127.0.0.1
lastlocation:
  world: world
  x: 15.105025955986424
  y: 72.0
  z: -207.576045952145
  yaw: -139.79997
  pitch: 16.64998
logoutlocation:
  world: world
  x: 15.7466707375875
  y: 72.0
  z: -207.5826973975053
  yaw: -259.19998
  pitch: 20.39993
