lastAccountName: menesg
timestamps:
  login: 1601762385532
  logout: 1601763802840
ipAddress: 85.106.109.41
lastlocation:
  world: world
  x: -1.5
  y: 85.0
  z: -7.5
  yaw: 5.8977766
  pitch: 0.0
logoutlocation:
  world: world
  x: -40.42874577762139
  y: 60.0
  z: -49.37160248159155
  yaw: 72.45578
  pitch: 40.64615
