lastAccountName: eco
timestamps:
  login: 1602956436359
  kits:
    claim: 1602955010168
    baslangic: 1602704674452
    vip: 1602706209747
  logout: 1602956938968
  lastteleport: 1602931644717
ipAddress: 85.106.110.112
lastlocation:
  world: world
  x: 29.905961549540294
  y: 82.03260117980669
  z: -110.84437771049586
  yaw: 40.252163
  pitch: 5.5499926
logoutlocation:
  world: world
  x: -22.523250359054856
  y: 66.14303036578534
  z: 1.3326042594436909
  yaw: -179.52933
  pitch: 6.5995665
