lastAccountName: arc
timestamps:
  login: 1602585117076
  kits:
    baslangic: 1602585223052
  lastteleport: 1602585343670
  logout: 1602586375306
ipAddress: 85.106.110.112
lastlocation:
  world: world
  x: -83.30000001192093
  y: 74.40762608459386
  z: 23.317613009600237
  yaw: 224.38359
  pitch: 22.029518
logoutlocation:
  world: world
  x: -171.8331651760016
  y: 80.0
  z: -129.4516282861593
  yaw: -333.66867
  pitch: -21.556702
