lastAccountName: AlbayHardal
timestamps:
  login: 1602961452158
  logout: 1602961487072
ipAddress: 85.104.197.241
lastlocation:
  world: world
  x: -0.5
  y: 84.0
  z: 8.5
  yaw: 4.8153577
  pitch: 0.0
logoutlocation:
  world: world
  x: -41.1222436138543
  y: 70.0
  z: 27.69999998807907
  yaw: 57.600166
  pitch: 19.950193
